Mode :  9.535714285714285714285714286  
Median : 10.000000000000000000000000000
Deviation : 42.3
Variance : 2.22631578947368
Standart Deviation : 1.49208437746452
Variation of Row : 0.168597104798251
Skewness : -0.22815434371974
Kurtoris : -1.06123345671451
