Variation Range : 0.3 0.5 0.6 1 1.2 2.1 3.8 4.5 4.7 5 
Mode :  0.3 0.5 0.6 1 1.2 2.1 3.8 4.5 4.7 5  
Median : 1.65
Mean : 2.37
Deviation : 33.161
Variance : 3.68455555555556
Standart Deviation : 1.91951961582985
Variation of Row : 0.8099238885358
Skewness : 0.359011072453536
Kurtoris : -1.96177427233618
