Variation Range : 1.3 1.7 2.1 2.2 2.5 3 3.6 4.5 4.7 4.9 
Mode :  1.3 1.7 2.1 2.2 2.5 3 3.6 4.5 4.7 4.9  
Median : 2.75
Mean : 3.05
Deviation : 15.365
Variance : 1.70722222222222
Standart Deviation : 1.30660714150131
Variation of Row : 0.42839578409879
Skewness : 0.285228365108096
Kurtoris : -1.5112649363376
